-91.77
30.16
62.89
22.72
71.20
33.35
25.17
68.05
43.65
11.32
-83.59
44.92
-75.77
-137.82
-93.18
-279.09
157.11
-356.40
524.64
1913.89
-335.15
-1445.58
-457.07
533.00
-558.53
-707.44
1597.90
-507.25
-1098.91
1324.04
1095.57
-635.23
-1263.71
1232.13
521.93
-1826.66
-309.95
1268.20
721.52
-749.24
-625.27
-268.41
814.63
565.75
-1196.21
731.05
153.53
-1343.92
1035.68
530.09
-1145.03
460.86
1128.06
-99.29
-723.94
-826.08
600.46
120.08
-303.30
1106.03
-895.59
-163.47
637.81
-1843.65
-136.43
1144.83
839.37
542.19
-1125.04
142.11
1240.31
-629.30
-708.92
-12.60
-312.90
606.19
641.97
-1495.00
-487.51
1417.63
-548.96
-387.35
1297.21
-209.39
-699.57
472.08
248.82
-202.03
-254.72
-576.67
-150.66
453.64
862.20
431.49
-1002.27
-435.32
349.12
-139.50
-125.57
116.05
405.95
94.07
-208.62
-260.96
-243.45
578.05
196.39
-538.87
485.16
216.11
-471.53
223.95
-191.98
-541.55
89.26
717.93
226.96
-1168.47
-184.45
1537.38
238.06
-1087.43
18.35
166.59
-399.39
-102.00
-371.61
206.21
778.79
-36.41
36.20
-68.51
-286.88
483.07
-145.93
-646.21
47.88
277.69
607.21
194.72
-393.85
-104.80
-392.74
112.78
696.10
-341.96
19.85
176.48
-673.34
-65.43
-108.06
-119.22
713.99
576.76
204.75
-607.88
-1502.34
55.27
1176.51
287.51
632.94
-315.67
-1418.16
153.58
-50.74
-850.05
380.21
591.50
853.10
1524.73
-729.99
-1089.43
890.22
-1262.76
-2922.41
451.33
5073.68
3246.38
-2364.99
-2619.66
-2577.06
-725.00
1969.06
1089.55
3777.62
276.74
-3866.90
-140.40
-5767.31
-6150.44
5995.05
5343.59
-6992.88
107.27
23879.40
5704.25
-23561.10
1406.04
10061.61
-14804.79
-6482.89
7979.13
183.24
-3681.85
2972.66
5842.10
-1071.44
-2868.54
5191.27
3446.24
-6073.64
-3090.87
2781.90
-1105.88
-2468.77
2125.61
2305.88
-2634.12
-1711.82
4656.52
2708.54
-3734.49
-1088.26
2106.90
-2455.26
-3173.87
1195.67
4386.70
2282.40
-4159.18
-3020.76
-702.14
-828.27
3508.02
3667.39
2050.99
207.92
-3791.52
-2471.81
-814.27
161.70
2845.01
2498.38
-446.77
-3737.49
-1648.72
1561.28
-594.12
-421.57
346.19
1279.56
3644.83
669.21
-2101.14
-1650.87
-972.22
351.69
34.63
-205.24
383.78
-239.00
-255.30
166.17
165.98
110.24
-176.46
204.93
543.79
363.47
-171.98
283.44
965.17
-714.85
-783.55
-111.41
193.04
1308.37
-718.48
-2423.53
-1091.06
912.70
1275.15
-547.73
-935.18
416.89
1912.52
1356.68
-103.51
-8.02
-583.45
-185.84
1213.06
-101.55
-1361.96
-533.26
-1184.66
-1073.24
1068.84
-368.60
-1212.68
1293.02
1932.08
1137.12
-1007.86
-2211.66
66.85
2114.61
1690.89
309.80
-421.74
-918.30
-643.21
-1095.00
-1463.68
72.22
-211.49
341.74
1752.84
1067.22
189.93
-1707.98
192.93
3045.25
-1265.79
-2864.14
860.16
37.06
-1779.04
534.54
1305.95
-68.71
319.29
1287.28
999.83
-1119.86
-1691.78
900.86
892.65
-947.76
-417.33
-811.24
-1188.32
1136.93
1693.84
556.57
54.83
-1123.08
-982.48
566.62
702.83
-334.28
-1151.02
-69.42
1276.94
512.25
46.70
398.85
-102.79
-562.21
-210.52
-177.47
-744.42
-324.40
864.76
539.34
-769.93
-462.68
329.47
387.03
584.31
77.67
170.81
424.77
-1222.12
-1029.13
807.04
495.63
-233.63
245.50
600.43
-497.06
-1384.56
-129.65
379.67
-200.82
734.65
812.23
179.44
1163.19
649.80
-1164.64
-987.25
-622.24
-920.15
-121.35
249.93
 6.03
553.32
-118.94
-746.50
914.28
1556.99
793.62
408.70
-646.13
-929.98
-246.57
-814.18
-1038.67
-326.20
62.12
511.65
631.35
157.93
-40.19
771.78
1320.80
191.60
-324.69
-174.83
-1076.92
-1195.80
-515.27
171.68
850.43
157.32
-281.52
655.88
336.51
-342.62
-7.07
-285.88
-367.28
33.27
72.10
269.45
524.76
255.60
-503.07
-238.31
472.80
66.43
-112.35
161.43
45.89
-255.79
-523.68
-471.56
-129.87
132.65
428.93
509.31
20.24
-76.24
272.14
64.79
-601.67
-438.30
515.41
88.72
-603.57
257.00
331.08
-420.13
341.57
758.79
-53.95
-0.90
-418.70
-1105.67
-344.22
583.17
857.40
-75.16
-423.11
514.30
138.09
-287.74
188.31
101.69
-450.04
-399.04
459.97
220.36
-467.61
-147.89
-139.07
-108.13
376.55
633.31
553.93
117.49
-644.02
-1133.26
-555.27
395.08
943.73
609.88
-423.76
-613.54
103.69
665.16
266.66
-708.83
-546.93
416.17
220.05
-180.88
517.72
288.59
-474.31
71.73
