13.82
-23.00
-12.09
-33.91
-206.44
-14.78
239.78
 3.29
-171.13
-150.34
-207.28
-155.61
-63.18
-12.76
43.22
250.87
291.67
827.88
570.80
1172.63
1503.13
754.89
3457.38
-870.06
3833.55
-2055.49
-41325.20
-21538.73
38134.98
33312.25
3180.73
-3328.34
-2777.94
-6736.31
-10489.71
-3221.10
-1290.13
-4573.27
4166.93
8490.44
9540.93
-4725.39
-13271.26
4442.26
2678.26
-2232.65
1029.56
7338.33
12209.31
-4848.01
-21116.95
-9817.13
22466.91
11507.48
-21863.78
-7219.08
-811.75
-4188.78
19383.28
18139.41
-6820.83
-9600.13
-1839.31
-5374.45
-9508.10
3583.75
16989.60
293.41
-5655.72
2218.74
-4803.69
6673.28
2488.26
-15299.46
-4927.43
339.69
-143.43
6943.71
10625.08
644.37
66.07
6576.52
-1712.76
-1537.76
4936.82
14443.83
1299.46
-25319.38
-37086.19
-42752.13
1389.94
46726.33
39041.62
4116.03
-17357.72
-11324.42
-3874.67
32757.46
19211.91
-8673.46
25027.26
11904.52
10013.19
-37525.41
-86304.61
41856.77
13324.24
-150903.17
57.83
206811.16
-1595.76
-182323.51
82789.70
123836.91
-72107.99
17540.50
63255.93
-52867.23
-96983.88
18245.89
58269.70
-44740.95
20502.26
75803.52
-4767.11
-55971.11
-56856.82
-15500.28
25340.46
26256.72
-13721.15
-24866.71
9004.40
47797.73
52683.64
-595.99
-27949.56
2952.82
4057.11
-66282.63
-76500.67
52728.61
111944.63
6849.54
-58813.07
-24267.57
8750.69
32747.73
17312.21
-61925.96
-77211.09
3575.93
61503.99
45710.59
12737.09
19126.92
-3810.24
-26652.58
18943.72
2704.42
-50339.95
-20815.41
19150.27
4294.86
-19354.73
2433.22
36568.14
13727.76
-36045.13
-28903.63
26190.83
49638.78
8145.82
-26227.48
-17444.78
-17560.01
-5456.96
13902.30
16672.96
29473.49
11003.62
-23884.28
-26200.98
-28294.33
-29700.67
-5689.69
35559.56
52080.23
13543.05
-29108.04
-21973.08
-1556.55
13644.68
42129.73
30822.49
-14961.89
-18207.75
-14202.83
-34548.18
-37588.81
-14209.50
31505.05
26785.85
-20941.93
3706.12
33323.65
8283.03
-12756.57
-7683.88
20249.25
28222.22
612.42
-28413.88
-29018.25
-8443.77
-2319.28
-4854.02
-3057.84
4677.75
19722.06
12572.92
-442.95
4265.34
-6215.39
3053.95
27393.29
7373.51
-9564.36
-14898.95
-27897.83
-20434.51
-6573.16
4208.12
8562.68
9369.11
13464.11
2702.38
-2222.14
897.37
-11825.67
-2838.13
25465.51
15914.96
-4659.05
-2767.40
-10987.68
-7149.99
18125.28
4731.65
-24780.25
-11863.46
1814.31
-8545.10
-421.08
5248.17
6549.92
14621.72
-5599.04
-18716.57
-2187.83
13863.17
16947.72
3756.30
-8095.45
576.82
11069.71
9390.66
-6338.93
-24215.53
-9128.54
-2510.39
-13160.61
3815.34
14235.78
8097.13
5225.42
5741.61
2962.33
-5833.17
-8011.01
-2863.45
2798.87
2777.33
1257.78
2225.54
1096.12
1894.45
4119.91
2634.35
-4808.43
-12174.20
-14201.26
-16006.20
-6318.85
13460.94
19747.44
15672.10
7171.79
2072.47
6041.08
-2382.90
-12201.26
-9774.37
-10176.82
-4292.52
1372.11
-936.05
6582.34
6934.35
-5907.82
612.20
13350.06
2826.08
-7544.86
-2886.36
311.98
235.29
1082.55
4857.93
6480.64
-4941.34
-13202.79
-7777.11
-1997.82
3046.06
4160.66
3716.05
3294.43
360.83
1562.21
-353.78
-3168.66
-2558.94
-2118.82
2382.33
6271.90
6201.07
5256.86
1248.14
-5734.46
-9367.95
-9177.91
-4465.33
7079.40
11008.85
3840.43
1711.09
-3263.64
-11701.24
-9430.49
-1746.77
9376.42
10137.44
-638.93
-669.74
-164.42
-2571.00
1970.18
-93.77
-6347.65
-2726.22
4803.43
3330.15
-1246.36
6344.95
7848.80
-4824.25
-9016.94
-3957.05
143.40
-1017.18
1182.12
9245.71
4284.28
-7092.40
-6404.72
-1995.82
2712.49
6478.43
-408.57
-2865.00
3229.53
-3035.37
-7097.15
1300.76
4506.36
3793.20
1277.53
2874.91
6215.12
-1394.52
-6269.89
-8086.80
-10293.88
-3242.05
-934.46
-845.53
8279.81
8688.08
2221.89
4557.54
7402.70
2939.47
-484.09
-2166.11
-6122.02
-7123.79
-1667.89
1974.45
-2341.06
-3944.98
-2127.44
1756.36
4645.19
380.30
-1992.09
-5995.81
-6295.73
1794.07
8403.00
14192.55
8386.81
-744.77
1957.06
-2298.60
-12281.08
-9830.36
-2079.89
1009.08
-606.37
-1630.43
3078.32
4584.74
826.78
382.69
2304.94
5223.63
3529.60
-5166.55
-8692.70
-4409.83
-1928.59
-1379.88
3866.75
8209.07
4400.09
-1016.33
-1178.54
909.83
1619.68
130.32
-800.54
-770.40
-3570.21
-160.56
3785.10
-4469.07
-7559.14
-58.48
337.56
-978.95
5139.31
2786.38
-2337.94
2284.26
4546.25
-753.43
-4534.99
513.43
2860.67
-337.74
-1164.94
-2181.96
1561.54
3824.75
-979.70
791.52
2188.63
-2471.30
-1414.04
-2219.58
-5775.59
-2112.61
816.58
1846.75
840.40
-2099.83
1458.62
4647.24
3960.91
2025.59
1366.55
5438.06
4475.99
-4081.59
-8559.68
-5136.14
-4068.58
-6483.97
-3487.59
559.80
2383.37
5345.80
6888.64
4822.63
1442.12
-982.11
-2851.48
-197.02
5369.38
1061.32
-5838.92
